870
239
658
920
427
605
895
357
393
433
647
528
426
624
818
729
610
983
371
991
327
47
676
110
871
237
794
932
562
250
245
40
825
198
834
702
762
597
59
711
186
812
497
636
886
435
904
563
716
270
140
960
936
154
391
503
417
4
540
368
178
175
308
754
926
234
116
363
67
500
876
517
570
217
312
862
264
134
365
765
457
115
952
611
394
224
249
404
985
372
205
360
180
313
731
512
699
163
443
63
779
797
980
240
694
123
474
449
782
884
28
333
918
854
498
515
640
942
376
838
609
719
49
755
103
592
157
441
953
666
878
565
747
315
419
144
808
897
738
634
522
309
858
837
764
499
278
36
668
680
408
865
388
959
269
232
916
149
136
247
654
580
962
525
13
629
120
588
633
468
700
843
210
717
126
489
483
604
296
693
173
625
912
480
119
614
146
477
735
412
852
672
506
596
957
37
106
251
262
76
589
681
329
181
786
341
644
151
860
429
87
534
785
164
420
796
569
392
810
62
831
939
715
23
306
652
303
971
501
177
399
579
781
69
545
332
990
940
454
148
14
741
727
686
26
645
594
928
64
46
225
877
445
282
220
649
951
266
369
104
203
421
320
616
100
881
281
451
244
925
539
290
74
33
880
355
516
552
900
946
688
200
66
792
24
606
599
208
347
555
665
130
354
734
530
586
436
370
488
184
780
321
485
724
863
817
705
989
836
744
79
58
816
632
223
847
285
289
826
923
395
117
664
105
583
414
397
25
35
511
736
382
651
906
622
215
867
97
653
170
998
486
233
590
364
815
235
713
745
908
185
642
607
71
268
901
302
704
678
1
572
299
326
793
732
2
90
378
127
475
663
685
581
873
537
238
944
891
978
380
975
909
415
698
935
464
12
673
914
564
131
390
274
996
938
529
248
919
39
50
189
411
253
91
841
674
93
684
15
627
287
345
286
993
861
903
297
835
171
548
9
832
879
687
448
472
84
158
703
124
888
187
714
135
532
733
470
400
343
456
243
7
969
804
257
824
777
799
730
85
966
86
868
42
183
112
759
986
965
887
438
61
557
57
907
585
98
179
301
776
726
913
209
11
70
447
828
967
774
896
829
584
398
746
917
176
931
618
374
661
593
129
845
162
922
48
466
591
256
229
554
757
402
72
805
316
133
227
161
92
556
379
437
350
493
102
670
950
318
263
602
682
73
226
875
322
984
956
75
621
902
958
801
108
334
787
331
430
941
407
460
476
492
979
712
432
78
156
82
20
574
366
806
261
335
833
587
853
193
637
973
463
31
206
646
502
197
55
60
88
358
924
822
199
791
575
927
95
300
531
428
961
930
768
981
267
101
767
650
328
465
56
423
788
620
323
207
222
276
336
107
416
790
559
800
338
751
560
660
424
885
708
846
662
974
546
202
549
458
0
461
943
844
929
972
696
305
139
721
667
830
204
143
718
760
811
856
869
784
150
152
293
976
595
352
603
638
766
617
933
54
706
27
30
272
964
690
10
344
271
851
473
482
507
348
444
710
773
695
771
6
125
849
945
324
648
471
619
963
905
701
519
743
821
246
505
892
994
934
212
947
513
51
340
168
495
795
889
742
259
406
526
41
697
405
809
798
291
188
725
16
691
68
995
422
968
109
275
910
582
769
753
756
542
866
523
230
615
490
342
440
630
182
758
65
138
32
5
635
478
750
577
446
775
385
298
737
802
883
509
34
172
872
142
279
141
196
169
859
359
373
842
608
218
547
192
167
214
723
720
174
612
814
679
551
494
739
118
899
689
122
3
819
521
160
683
288
987
277
643
613
330
8
601
132
803
304
481
311
997
848
504
840
508
53
728
450
349
284
128
153
707
99
418
319
137
81
94
273
763
778
915
999
252
598
770
254
83
894
111
600
317
520
384
657
467
566
911
578
77
484
425
201
568
893
524
527
677
479
258
455
377
361
631
855
850
518
982
535
191
18
280
949
356
241
626
387
882
231
221
514
921
367
823
874
21
381
292
38
988
722
955
80
155
761
242
213
628
692
558
641
567
401
166
337
469
195
431
114
190
442
383
452
194
89
121
211
389
783
827
294
864
45
487
671
937
396
656
970
29
898
260
17
310
752
439
353
807
561
295
857
19
96
434
813
496
748
43
346
147
709
772
351
453
228
165
544
159
255
977
550
22
52
948
145
491
639
113
749
536
541
543
576
362
216
538
413
462
403
839
265
992
339
820
386
571
954
655
659
573
325
675
375
219
740
236
510
409
533
789
459
623
44
283
314
890
410
669
307
553