79804
28548
50376
42535
29191
90512
29367
38955
13918
66719
77611
16341
18666
924
59919
11275
74876
95776
20782
68321
93245
25473
16308
71473
44880
16419
14650
88872
20919
22378
22259
46001
77610
80468
14703
80399
25735
62185
37210
38965
67207
83706
68676
66827
38714
70109
79980
89251
53671
20576
75868
47807
10756
4054
13040
26161
37115
34449
42576
31327
83614
91520
9249
34401
12649
99661
23991
71885
6307
1408
83372
19975
2402
81795
54303
88589
60121
42477
11067
84967
70838
77432
4764
37252
31703
43663
14622
87692
37979
37003
96662
65028
5398
60865
84759
58241
11161
79201
62286
92113
91285
62123
91493
18041
70665
12374
79120
4518
86779
40910
57501
34484
47896
9566
49192
50454
1240
5623
89535
88008
1405
41056
21272
93720
55614
59515
7702
68314
56349
59587
33122
5540
79254
31717
7281
99574
15516
69276
24915
13356
15210
49770
74858
95254
31563
50236
5344
50945
8898
96221
10274
33731
74154
19366
59345
93417
29810
33598
20078
16383
42885
93963
17779
56279
80746
79139
47022
80573
90815
85686
11921
80730
31040
96159
49827
75556
53707
82063
89160
76013
18723
97373
86050
16735
82736
26760
5573
10093
79910
74893
9732
93388
29408
9855
18545
71355
79531
61906
18046
28502
41
9331
33696
92748
770
99144
20539
16883
11938
23937
42786
12026
16075
60130
72609
15244
48613
14638
10118
98896
57079
53617
29606
25518
99799
88728
85772
60711
821
21053
62558
75493
43778
34683
20773
78351
73310
50627
64199
50005
43674
20741
32716
83232
71310
97299
1106
34385
19588
61391
5243
21189
17557
69010
84837
80602
25780
83640
55784
12548
38575
75725
16840
52424
10241
94994
88109
40213
94861
92459
25507
62354
22578
37677
37073
71981
1404
43418
28544
90060
18093
57048
78239
95238
54962
8591
93562
79266
32214
72813
4675
74464
13329
69509
96229
18678
38723
82742
51137
64687
73593
94803
63382
4262
48649
78069
85811
58280
41161
31399
13105
35051
48467
72022
56547
85899
68331
57116
11833
24296
83502
41961
61602
97398
74629
63440
41793
646
17053
91568
51894
27447
25059
43453
46537
38930
52303
62095
6358
97030
18675
36150
68386
53805
29067
62232
39782
96193
85529
83948
52115
8359
15383
38065
85383
83068
60528
13758
1881
45622
59272
90146
54320
31890
78447
87273
11949
56616
6598
85693
76379
26632
15248
25317
72102
10224
30062
11511
94405
90673
80867
80802
25391
9768
49911
77326
74106
31718
27392
30433
41408
92169
57093
82620
25802
60525
12696
34222
83315
24586
50903
75294
39478
72480
3283
54487
65902
95692
27277
95643
82470
59901
10495
1803
59436
26081
18439
16836
84138
99930
42591
50985
72213
76075
62895
58473
67015
71243
43889
88397
15490
25987
94067
26860
76146
52152
8303
6481
49268
59211
5750
44239
45883
13350
22313
18991
90249
44110
67602
6884
74396
3536
49153
18208
79389
33157
12983
63051
96532
98218
8040
64502
81110
3815
71125
19949
15955
25740
54259
82108
27773
81591
1941
14664
86827
6408
54380
46659
49204
56502
94558
97810
22858
3740
50812
97758
4523
89006
64820
83925
6081
64380
66358
30691
10184
32696
23022
78244
72389
81404
42045
11798
38232
14454
60042
7710
83190
56418
33204
49354
41902
18347
83816
79676
39233
71121
16036
12070
22063
10679
27938
96653
80276
19793
28495
16653
84984
86635
46424
22397
82265
82590
40795
43248
75059
30741
8094
96490
8549
54739
19117
31981
63257
41428
903
13898
63446
10564
33742
4515
56922
26853
26126
43270
43462
41379
37756
3369
17082
50431
19864
70972
55422
29948
70202
95127
49998
37995
13973
47545
92407
44497
96808
6385
3269
38386
37779
48664
1278
59933
81186
15571
29839
88857
4015
92775
28137
98840
2944
52367
76482
83949
83957
63967
60770
70379
23295
15897
10293
86623
91311
98063
70576
61049
86278
63069
33504
70947
4396
98306
29933
14304
89206
4020
15105
85050
67206
29805
7367
75179
42103
23132
28926
88859
42365
31193
75934
76201
67797
19182
78271
51300
89108
69709
67375
67065
88160
80574
68623
58858
39517
62684
33991
12752
69962
66241
46837
87474
51635
2336
26234
81744
27133
72576
83582
99167
34266
9313
23487
66233
23363
7132
73988
70762
78066
61436
79378
33308
84888
62066
71863
84760
32347
90151
81286
54148
2039
63617
71436
32973
61325
15707
4753
75598
94588
21382
23350
4251
72504
32644
80258
5239
82554
72156
80427
82050
82340
61500
39460
42667
42368
36981
36728
39801
97252
24949
53254
8829
42809
66251
17997
69887
85433
10458
75803
58681
34890
6409
93843
90993
1519
38580
31547
61295
60053
72667
38970
74926
19839
69556
27484
80654
80025
57474
48847
41368
57551
41252
81845
50508
44427
69239
10360
28691
81470
86750
22825
31935
67838
27378
27659
70490
28173
18070
33609
34628
42973
11490
41044
93197
22073
11676
24703
34874
13987
81628
11848
65807
70672
72295
15705
29165
59423
96542
99687
42583
56073
97162
32016
74664
44576
23760
81095
64582
88457
16262
43816
87502
30570
65550
12472
44205
29051
77029
93693
77486
73090
56726
11097
75404
96386
2478
7004
74439
65272
4595
21492
67764
81573
80016
34158
8136
93155
42517
59446
87889
37237
21834
3153
43233
52571
16101
10915
51068
83517
66395
7754
99728
87599
21414
39979
41805
31346
37828
66514
93727
92689
68668
77430
74994
93538
87974
57533
98980
22536
67500
28441
77365
59626
56095
82018
39910
51708
66945
13454
67841
11390
66523
48987
96428
89561
89823
13030
61579
53150
52710
20966
37649
14761
12252
18719
24278
19363
89511
59238
40761
42749
30436
23871
95878
45377
87228
86044
58223
16988
47295
96095
12369
30645
73660
51180
29200
95757
96547
68787
69374
18825
57338
7794
33907
90642
85399
36882
61449
47673
14542
89985
20572
40245
86768
58110
70719
70927
86304
41581
21054
71571
61129
72387
48437
72855
65002
80282
90613
94641
88090
53036
11527
42157
84077
63669
43385
71433
97777
56113
71139
81532
45001
82177
67553
87084
20807
20292
66403
50331
75342
12981
76380
68988
40764
63820
75445
40591
66085
19255
43728
2209
55240
51599
58931
1354
74298
37224
20161
55328
69063
6899
88903
36242
88134
59213
80909
61077
54863
56698
25416
73287
98003
54416
45100
62980
1433
6995
68742
11470
97726
83261
8937
38225
31483
70246
4576
76615
33419
53611
78231
64230
86165
80409
85776
36688
80882
83828
25600
96417
28344
97441
82090
20217
47155
16769
48217
2479
24561
66502
71341
97911
5712
35525
9556
6829
5866
4010
15286
90852
85773
48945
94022
53383
14617
25
15243
90517
68230
14888
32884
21195
73740
49642
69373
97503
17844
83954
45121
13295
80611
49448
74683
31438
69236
52718
99904
21891
10975
12118
5614
87237
61758
18810
2736
74299
647
6872
83202
69717
86833
1768
90617
41745
79261
30170
13837
5174
75750
24396
17796
93113
22745
92318
97187
80028
8231
10590
16572
60075
37633
58163
42585
1857
61622
14614
20612
50711
44920
18241
82312
27666
35692
44091
34577
31830
90653
41295
90721
34156
54708
88042
77676
83250
19874
17614
47760
49887
15927
96952
2244
70960
50983
31058
9550
71798
54966
30031
12360
33312
57941
74141
73791
65544
27381
33459
99856
85010
23882
65965
83310
34972
75678
89003
18705
82907
52881
31910
54369
69012
99567
99037
10527
6711
69697
45341
56168
1764
82367
23301
95716
61913
87897
87295
45412
51274
31467
54235
36724
18095
71257
79675
81026
72748
19224
8487
1624
91602
68723
52026
78751
26014
45165
49256
59579
26894
62296
74640
51392
36220
82795
24656
73729
62471
72698
70182
61742
91184
94290
27390
36693
67214
43912
44357
33998
39328
13822
89135
42891
71412
46257
52705
6239
45293
47713
35782
71738
64506
26679
45926
72117
16912
77855
23783
27627
40210
49381
18775
88979
55019
20989
44419
75240
8846
34177
6202
26613
85184
61009
20406
96771
75289
5798
42133
35265
67320
68856
63790
53783
89803
77420
85710
52772
90204
78718
76401
38388
96152
82161
7283
3396
9016
70504
9981
84958
98943
41732
32179
80345
39524
62812
4746
43474
37098
66449
3715
21722
99056
39834
19908
1164
9368
79489
9418
51590
40498
69944
80579
41481
30866
38416
18460
2359
86943
16578
1260
92518
77462
5431
87093
18861
44689
62660
61944
36629
25794
78883
21257
43308
15812
76803
5381
67621
16534
98191
77705
86790
12294
5839
26458
69959
19153
30133
6294
86865
97142
39661
31765
36644
42962
48623
25382
62416
33580
26758
61352
98282
88415
38367
93590
65350
40069
69958
76659
87416
40715
86046
27035
69417
26652
37652
73132
56782
29021
24743
32295
99627
10319
29313
56512
59175
60113
93204
86447
88703
63971
28272
15014
7224
24889
98656
62537
50815
68831
34612
47119
1566
63649
67883
71574
20357
36093
66586
87371
74144
53924
65638
17811
63485
18813
37598
99032
3289
98378
4185
75427
55327
64111
18970
6698
64102
73184
14583
66816
47641
39762
81252
57561
49938
59278
83252
35155
61520
4911
34001
65359
32025
66755
12640
62860
9594
72191
79210
65436
26363
54627
45646
37704
65340
87871
13775
26487
68235
80048
12448
55914
15294
47844
43242
11834
6610
27613
24897
45372
83923
41350
9146
46735
33575
65398
34034
51785
74089
14129
73586
93903
22873
32364
28561
8843
22733
58975
34749
19745
40390
51007
6518
53624
39556
57673
34564
73577
94815
61024
32598
88467
62503
27068
30252
87195
28874
18199
22449
78183
81767
21366
39582
65665
93429
3717
48954
93718
923
21992
35060
58559
58788
36177
85952
41625
65190
50138
28245
66515
8726
56884
71458
65207
5710
68358
76256
37728
67272
93815
59536
33383
30497
65616
37511
1684
3127
41931
51103
97798
61412
76344
29202
39950
63639
31454
38855
525
67216
54939
39320
46572
81045
97512
71452
2296
92926
54272
40646
67695
76539
48969
7316
86508
50605
68033
70132
4650
6471
99479
63250
76604
20010
45172
4300
51781
63303
11248
13853
89857
40295
92885
38041
88492
82895
20682
57821
58545
18378
3607
97147
25266
69115
75006
18776
98629
33111
72467
31882
60337
51081
7065
40315
51608
10139
28852
16952
73714
89059
48304
75833
58461
29820
24593
81104
85711
85739
41725
94279
87796
63547
91404
74592
26895
19861
79484
28970
3760
64938
48753
42490
65571
74788
90446
78733
9770
51854
16961
14155
18952
24327
68874
34053
68811
74675
78571
70498
15950
88664
42652
41604
58702
1652
65858
60294
98520
56098
70996
41066
2766
68435
35401
66355
44314
62065
52292
53913
8787
56985
25589
34357
15740
59340
21999
33239
12496
95742
77115
55104
21424
98164
6998
99257
67255
19587
17416
2458
90257
72168
79058
16083
53542
32756
15155
76460
61955
62454
96090
59091
8580
38356
80587
38062
22875
42158
24394
82144
1185
80085
62305
99500
21981
54790
27299
46559
14183
72288
90896
51108
75917
23174
98534
77329
23346
20422
32273
29417
87214
66940
34786
951
5108
48866
18570
83982
4269
81047
84541
27408
7990
4148
72197
98198
9132
93430
30702
51158
8703
22680
46534
93390
7856
45111
41613
47184
92389
56768
90018
67462
33521
90546
83167
69413
17587
7589
30022
83146
44637
53206
52696
73308
12264
59545
91057
22190
85261
71239
35282
86899
21097
60522
6592
19714
67609
34342
5963
89583
37406
35174
49475
57981
28659
28327
82464
59461
17656
78452
2160
84948
84643
93836
36378
95454
90321
31652
46775
71110
53180
52655
83010
1237
89660
47317
10884
80891
29034
94795
52365
71493
96053
29269
80708
24334
30886
66150
57526
48922
48525
94288
76015
60654
24696
38249
6911
43168
41883
45188
34067
43315
17598
42507
88992
73492
58624
79092
80533
91860
82182
72122
78667
6639
21392
8520
88613
28844
17132
86758
57896
64526
78989
65400
45210
18652
82827
92796
23345
94111
17439
59224
60233
1775
35971
42269
82654
3727
30215
70673
97649
63320
40436
15298
28038
49350
42496
74015
61285
40703
59831
91170
73964
57379
62640
59531
61119
87445
99197
45915
51150
84510
37335
38531
46292
61570
99217
64302
75649
21569
47885
33798
18821
98480
38374
28903
34672
97969
37805
47003
17467
70071
38072
10230
10260
81277
62607
42258
33681
42848
22672
10045
537
18349
60284
65465
67681
93385
6269
47846
97556
92445
41605
6833
1469
34742
67600
59649
95054
27777
10779
99097
40114
37015
23023
48604
11232
67421
61364
64825
13466
88154
44716
63501
25869
80206
22358
93581
21964
69118
80500
72319
92053
67913
77167
22833
34983
97878
425
12218
6903
34024
35344
97783
33526
32162
98907
62779
65689
39615
27139
82151
2792
31324
89438
55715
81244
54643
98328
56885
94912
92680
40309
26129
6896
46416
51695
76478
68077
67522
68664
90379
24238
96416
90709
78077
22080
90942
74486
53647
47423
98508
29404
43436
94765
85767
76402
7851
57420
34258
4120
39089
1186
13046
84882
94136
95640
23158
51133
92621
22421
35144
4938
13072
25511
51096
35937
40886
51577
76486
9358
42528
20756
73621
50094
44820
91937
22300
10695
93796
65715
94850
24201
71647
18148
62072
93716
43697
58154
22598
59718
17261
21785
32684
35324
81606
92114
10441
25402
83515
72564
54251
77978
85816
78378
44022
19953
86530
489
76688
7490
97837
13182
5200
36198
44154
2910
26681
50315
58839
20520
96040
15608
69479
40716
68315
65349
94012
10848
5676
541
54794
42609
60676
12165
63309
39567
37976
51398
9118
99419
39652
85913
30043
47069
2873
82777
87420
26862
15675
94455
57347
26976
21338
81523
26687
442
47455
51686
91128
8127
89243
8108
61238
62127
1708
34382
79665
89541
31678
52297
39115
76820
62491
66460
29467
73060
8775
6659
34500
51494
50162
26190
63299
13719
3222
45224
35940
93361
17093
72952
71517
90006
39218
83603
44457
26338
80728
77894
58935
42812
29449
70341
92333
13235
1375
82356
94975
23908
84164
58106
95132
37011
59199
63618
42101
28206
49527
40828
12151
43488
83578
11460
79763
79848
91802
79684
33240
50259
4648
51597
2599
6079
93169
91524
20181
17672
1459
66334
39940
45086
13610
41634
26423
26886
95864
60095
75138
43756
65144
85294
9899
72259
73842
77924
28590
91583
72180
65402
89811
57956
67177
37247
20200
59861
75415
87060
60027
18523
52536
95209
61187
95665
59671
88998
28840
35696
99322
5702
72769
57299
7191
32383
78766
95082
58295
28228
79342
32218
24082
34933
1850
41516
38328
34873
22658
34482
49628
14410
77114
55164
29942
73724
64690
70757
4167
14037
49844
94286
1014
93996
45237
72323
51224
10126
8742
76021
94897
42842
26662
91666
60743
52126
1004
36914
37302
92895
2696
49409
8467
32139
46630
15533
61646
83750
85101
56972
57886
64404
59186
57163
83849
13513
41121
38669
80634
40603
80306
17485
93657
30674
77644
36109
65210
30565
54000
62027
89510
69733
48577
79543
53222
13762
25832
11271
7451
22493
74949
48486
21738
495
42352
9459
56565
98049
23233
60517
51339
62634
25101
32497
96088
376
90319
76742
96330
15899
1635
67437
95935
23708
15114
94901
2860
49877
97803
79580
16589
76509
44870
70077
46601
37325
74803
98866
39376
89619
48799
14250
29683
65175
47838
32462
31550
58505
26413
54389
86692
3893
13956
72716
48329
46552
43752
92047
70171
9845
3443
68146
46274
52066
60595
26907
58680
76215
15539
24023
63341
53117
55424
81418
55382
90547
24643
56942
27366
74627
96079
11378
61965
37428
74152
15908
99818
87148
17234
86957
64272
82856
84509
84646
89146
88878
16354
47239
23742
98362
79405
59341
64823
31124
35473
15766
22513
83006
2485
33082
83272
41168
60025
91794
82571
98325
32817
99893
43527
30991
78240
409
90199
34726
84173
66284
6238
55148
88498
82248
44490
84756
39339
50518
88333
44723
84684
87741
17139
89806
8222
10462
76162
55402
96643
41886
8903
4665
93527
24355
96056
61043
76819
65744
69393
28589
63724
60270
12633
63934
84314
76708
18790
68476
68455
92342
11033
31895
91391
35699
67944
35624
210
37864
95700
65629
54683
93599
90035
29970
94376
52763
83414
87267
993
92893
44790
40871
29288
21776
1057
29652
57642
90964
63482
38932
69319
44408
85025
12650
98885
69602
6483
63490
96111
19350
35099
73991
85884
48256
84673
99539
24413
84166
72416
90378
1337
89726
5075
90472
67450
28733
36659
53477
19734
92503
72455
19621
75671
75920
90824
60675
18394
7621
60848
96194
52817
23569
57929
47768
18300
45283
90295
88087
77208
58080
80601
71688
22082
3615
22276
32841
67017
83292
23710
60404
92180
23876
12308
12332
84775
73744
33295
96246
60065
42547
6617
51219
77513
55565
57381
99933
93569
79055
87968
93481
69023
82916
32246
35638
78268
90214
93326
6892
26044
20469
52000
88997
34979
78659
64436
76652
63791
99560
11822
37459
98223
91369
2765
36602
75979
42678
65572
46119
37164
5613
83889
19551
12000
64239
23005
30678
61116
47216
89242
56362
30314
24548
20498
44611
30146
40285
29718
42727
33657
41286
68529
72822
17325
49845
28637
17988
35531
42069
11496
10114
67175
7051
31808
27182
49212
98273
9567
36610
32361
68903
73582
7421
37580
64896
79557
92144
17951
69777
62811
39715
82503
69885
43528
7730
128
20727
3133
25118
85944
3394
71427
84177
9503
64957
80364
51559
92937
80865
80257
97513
2743
46475
74828
63499
57530
18421
92425
88208
9241
24156
27595
81702
39472
12114
26968
61829
38867
13481
7297
63643
2332
4561
78969
84820
80444
76642
42873
84400
87875
6176
83364
75668
88938
3030
1969
83966
25461
30927
26786
60509
4405
80200
26009
38727
82056
78299
64011
46663
86226
6879
53179
12098
45345
36612
5621
55432
68377
55856
29907
37894
36579
12773
44760
73167
55120
60362
72253
4303
54771
22758
99895
86437
91496
22078
46207
42680
80289
90307
68248
4352
27983
3889
16394
11009
74344
38471
50025
82526
34255
96137
99736
99831
14771
86709
11123
17007
32111
16316
47560
44260
66710
87941
92025
99986
61440
90016
76955
4488
41258
89143
47686
89531
71879
68533
9524
34214
8024
86245
29520
28083
96340
94273
51538
19900
62883
68784
90639
22620
68114
7746
94284
21122
58008
51918
95060
956
29663
9651
39694
33518
4016
39369
91050
39024
50800
39212
42510
69275
17648
69021
23043
71612
53141
73020
88884
53232
69572
87930
69258
19641
51687
34731
856
56333
71551
75877
28253
7294
70030
24330
97808
78768
47104
54751
52903
13139
25880
28158
49643
58614
23863
21541
75453
78554
73750
7122
92820
61001
27607
36380
509
95932
53478
70068
75183
85572
55583
24842
45811
39548
17516
24931
12350
91755
33791
27362
20590
94462
57034
24894
85873
61275
45976
597
94029
22980
91939
95271
61109
76378
61960
47259
69369
58411
74462
5694
6860
64316
30648
36769
92746
57811
33483
63648
84846
59745
44191
44693
41689
68538
43637
49163
74958
52566
97253
28793
42299
58111
42880
16325
43951
35356
30096
69014
50608
27582
90650
54744
23138
66579
59862
71925
57345
69915
83489
67922
53938
38292
44489
63904
9841
68240
89493
89847
23047
84938
83845
26943
90855
46023
66242
88000
37048
89602
48763
4209
20885
27763
28839
53272
44131
18331
44764
31690
52242
64558
49225
58125
81304
24831
37059
96321
48357
520
60319
47909
5897
37575
45767
87077
43800
61315
23660
14965
47208
60414
99074
91114
9133
9484
79679
47226
98679
48443
81429
81221
64406
67631
27837
73462
93389
27326
51074
18602
3123
64873
12127
6614
73560
32742
32282
39637
10004
49497
68301
28960
79792
54199
86577
73606
27433
87835
94156
80421
73476
87068
5936
79806
2153
58342
84249
94639
84548
88402
14806
45209
58352
16703
45535
35080
24753
58235
42385
50755
56783
89618
77819
13130
24823
45820
79419
1300
12375
92334
44435
51324
62217
32953
21009
4415
26416
11340
44584
93092
98377
73552
62671
15898
38678
64827
91623
10773
40745
52411
11654
57920
35325
96575
21487
3555
36158
55702
79365
59216
54664
42259
14737
33607
28034
4689
65260
72768
81341
71681
13394
64386
37183
55420
85729
51161
12907
69570
76206
34545
72424
84157
99191
27101
85066
69197
46282
65380
2788
2818
39064
48771
54015
67078
68448
4602
38754
14947
97524
47314
48253
41207
29892
99590
30564
3990
74409
40216
80486
21854
767
65906
62244
44642
51697
43884
46383
90358
27715
61578
25611
22026
36105
67732
209
86703
4180
56316
48032
55440
21340
60123
69760
81882
9419
83067
37213
20752
76423
39156
90987
17929
71506
92942
69289
89952
1892
2442
70575
29577
28853
73400
5394
78186
22541
69888
81753
20213
57987
20688
77515
70735
26675
22904
94749
12510
6436
68800
51685
61400
11172
55373
98172
43147
31009
78474
25516
53588
77087
46142
76289
85680
56397
7157
1382
22419
67213
60466
56708
33330
44763
44592
55107
15258
44778
81293
12385
41400
37064
34052
5415
18780
97305
44375
82408
9062
58211
3546
9025
90841
17294
81334
85286
55945
98283
86390
40344
28527
57632
14042
41308
92139
39810
5198
12085
77426
71333
59205
90467
24840
90609
28707
85048
72190
49732
41315
45663
79983
8852
44495
73777
95315
39096
13894
10865
16780
12768
80856
33781
37388
94057
32842
21641
55035
47366
11893
27920
38937
64274
94250
68876
77054
99328
14312
32865
99514
79710
6297
79562
38585
50275
34526
48060
15795
78289
77534
63860
25365
16632
62730
61141
98682
67822
92233
39143
58344
5610
71469
44635
19104
76761
78738
61314
10005
68809
61849
24273
55296
94201
36938
37105
8347
41529
31553
50116
29128
60840
43947
83117
78301
80238
44890
87630
75101
62604
49533
86493
16093
52214
53677
65683
16167
25910
50929
56807
20693
93567
18804
65672
66267
28164
60922
5974
61002
16390
32635
24067
59857
18816
55569
6529
63765
80873
2879
25384
65221
99318
58090
33255
40492
80423
74563
17437
45755
56015
63089
48724
38347
72125
33914
80117
43429
18556
22112
12273
19873
36031
15695
82650
85445
78471
19877
97822
15200
90792
49222
21140
44225
28042
12521
85402
23105
48644
92613
91748
68191
36035
95545
2842
16971
46666
85352
13150
26938
89563
40299
59147
19918
87032
10488
19726
65051
99602
40349
63984
29379
20024
52991
462
52280
3746
1362
64596
31851
47285
70014
94868
5953
74418
14191
39835
79330
38844
35998
2454
72636
15131
31754
87119
90374
88844
88578
60141
30785
43789
92289
357
74215
68035
1226
14453
79299
43395
21142
63101
1263
99910
82096
29015
96074
59100
98072
8650
41452
34386
63045
67697
49538
99761
11968
11666
17217
72794
79244
43865
4295
71444
83185
74927
74904
76838
10195
87753
470
91399
96110
43509
73590
90160
10585
88510
44458
61194
6944
95343
61705
51305
54733
15610
37078
75465
27765
95521
32119
40842
22976
4397
57022
34195
8449
59076
16336
64402
19232
62486
79334
30078
66739
19284
58913
54976
60925
98912
5460
53433
18707
95427
42025
97297
40022
68483
62968
86442
22024
499
85448
63968
77660
67728
51126
61641
95378
66469
53579
23610
15870
10655
53007
83736
14656
3158
82906
30855
74148
14662
69906
67792
98123
91507
76357
62280
64792
86769
29751
86700
34032
36899
38395
70075
63623
21764
93628
50272
71514
94862
7365
13366
3164
78629
16546
40158
19354
98177
57702
43850
34695
7523
21630
41390
14350
14401
49992
73346
53109
95766
76571
63920
48858
62933
45734
6333
32171
67946
45443
4757
58252
49239
10518
78944
23711
83717
36767
19679
60361
78044
1734
95216
68636
11932
84971
55616
18937
13630
48139
46731
57905
27304
48850
67527
82297
25703
72444
98758
90686
67187
92168
81791
47094
52413
36792
46438
2799
15011
13084
97207
74593
17954
74641
28077
52373
9269
80321
95013
73783
95287
43562
67200
84394
9738
50752
64241
51412
91714
63255
2812
41763
71348
13283
26449
24657
76692
82884
65289
47379
38827
39792
13373
94013
61099
5638
30563
33817
77641
83683
65079
93961
95198
50410
47622
52912
53338
55840
19466
85170
54182
82190
57313
74137
73513
2438
77387
45781
54225
78655
23766
66821
26348
64579
73094
11155
81251
8861
19388
68900
77802
28792
35107
30046
60373
75148
69807
29575
62675
98047
12685
73631
75086
6601
24012
84718
15461
50612
71398
51807
94428
67271
3149
66074
43851
80108
24186
39993
13083
44061
67659
19074
13385
38466
23136
40098
8456
64932
49271
68424
74272
18229
61297
94988
55990
44660
57395
56229
91756
95309
30734
28776
53058
30516
941
54575
38871
86725
5222
36175
26262
89793
62762
63653
66894
65394
97123
95520
95756
35343
4152
38799
56111
3091
54226
61856
43409
47732
63418
43091
75152
80981
80266
39357
29734
49113
73406
12500
11723
33720
3202
22501
55476
11784
44866
95350
81857
95963
61845
69279
63216
59152
3837
12957
53464
72935
22783
80359
44721
52087
40639
96899
86743
28139
93558
50837
51358
61482
22329
66098
57952
58029
6669
21553
54048
4236
82677
22607
94667
52711
84901
32679
55537
63195
65318
32708
22785
59940
5054
82019
69780
15592
78663
49531
94515
81323
82640
73641
51901
8132
52793
71998
36815
47779
83712
64438
53129
21741
91561
90237
79090
73638
27060
38565
81002
10269
87082
11057
95601
68912
80241
93927
29700
48038
37249
21266
5761
45032
70913
9598
17515
40652
735
40013
26199
21755
93138
19813
84378
80761
99888
80138
85910
52326
54789
70409
44517
84650
72637
48494
75716
53549
25151
60127
10136
6851
65904
50582
30021
35055
5046
37374
90104
78623
45818
49626
76799
11913
69072
54737
80779
30342
35259
68652
16024
38310
7460
99462
18977
74553
16052
57274
13491
79264
31538
47063
79315
69277
24828
3887
98046
92790
55264
44750
56280
43102
25725
27896
66953
8142
13830
61711
7983
45301
41988
25316
2450
808
88384
10754
48431
60835
83597
11306
9409
61923
46254
88705
92867
16954
85362
30379
81770
15319
39120
7379
35958
5644
12993
41688
41861
92858
47374
9440
26721
84526
17597
79554
59251
75255
41020
12560
16747
74226
85211
70506
21659
80731
8823
60331
5637
64081
42588
32055
15408
32158
96762
17871
96332
17302
7393
72925
57018
45857
65327
49217
29976
45666
90545
49943
42221
215
87003
9915
74214
64021
47434
62132
14570
43511
73350
69221
66991
71924
74080
58273
39093
83662
17610
79163
74677
25385
93666
22340
59129
83696
92121
66372
50114
53499
73636
14235
23685
36284
62747
52086
95897
15166
9474
36765
40076
28459
8541
39523
79357
92395
28022
5037
32038
97006
71752
79655
96202
86161
17975
3907
75947
9385
78418
78641
52692
56968
7151
36525
75494
67730
1352
7650
15726
10910
93087
49783
33680
64388
52430
26711
72574
23130
71795
71527
61497
54299
38757
54517
16758
51400
72659
4932
90883
21897
47442
68024
7437
56645
7837
64087
51296
99959
93684
49625
2980
33337
26619
28813
78067
46004
48055
50773
75405
89818
38174
88123
16626
45788
9515
63816
92887
90096
83532
21535
54706
98954
29361
42199
84714
37898
50721
52610
2256
61731
42048
77628
16048
23672
12559
27215
94157
22670
13627
79575
37358
69242
29493
3454
76839
89525
50155
71538
94712
69993
25003
94176
51762
25609
58483
84448
43099
98873
21600
95927
31203
97448
80503
87350
44218
79556
69763
50685
48570
61451
4458
21807
5642
64067
39639
35658
70154
15771
261
8036
10546
65332
55175
98340
17043
85731
25586
78800
22507
58427
96065
55981
72795
19942
37071
83651
57054
91913
63125
71816
17388
52072
37629
17213
51184
33274
36219
93988
45586
13482
17765
87686
12224
94958
30000
59126
61427
24331
74368
17265
41733
7745
17033
83113
23369
78555
32051
67108
18521
52549
56311
97034
56558
89120
26809
47472
86211
61457
44733
28464
76161
77350
90134
30856
69045
12480
45137
39895
14201
66393
18525
88255
54227
38870
59386
91037
52228
3927
39902
57255
31320
55314
89069
89188
32122
11974
99461
44504
40713
64427
30160
31263
15181
98487
88539
19749
22843
53646
45207
84001
83217
62435
83501
68602
56533
96
24609
30174
42621
50310
73772
56218
56531
80341
47907
98524
91958
70843
68649
35515
19031
51569
85871
42552
87080
95664
47518
29754
42754
47142
2726
91000
42091
69846
22711
54276
41676
5683
8553
26432
60801
91501
20557
89443
55923
57796
15236
83592
61120
63519
8048
19767
38145
82930
21757
11024
36226
29136
57417
49873
79353
19905
9325
6325
66326
72810
84513
45775
95556
48016
57490
93767
58246
68630
79495
33869
83338
19547
78661
74716
43040
53511
83132
32296
39656
23217
73455
6926
85312
65954
7056
82974
85499
38716
3824
52378
56663
79194
96904
87354
24974
72565
37831
45106
96594
34378
54241
9521
52775
82948
8746
74045
64544
69847
1458
30523
30857
54367
73176
83181
19860
50981
43561
31497
64195
70965
84715
53604
5105
74746
63773
55002
77318
98932
69432
70429
44802
32433
91897
89218
25138
76038
14171
98549
3721
86657
96019
54772
78801
99365
41719
92028
91125
77522
7097
20910
56561
99352
84189
57498
89707
84529
90414
70006
92655
95852
77804
40730
80649
85505
4917
89715
87832
51478
11598
60297
33659
96001
91730
8664
8850
58986
35185
34253
67151
72136
26278
42238
6716
40712
35767
31626
73425
51822
83525
11621
16014
68458
81748
47228
57183
18996
14551
56962
20306
55797
23289
1103
40435
71423
17206
48944
71994
18062
75553
72247
62712
17389
65556
30959
50019
39061
97567
8810
41069
33718
74692
55060
5471
28709
5141
23343
38950
45928
55171
88547
4074
16161
94631
72309
46871
3816
7225
79001
10630
49236
91188
71305
65513
89268
24468
28494
20832
41531
85945
88831
77863
89257
2240
53649
50428
94704
54593
32620
95291
72469
26359
68012
51307
1461
28087
92891
70637
37744
40141
2298
58180
13676
90927
17793
15317
27978
93122
453
38883
36880
42525
63220
24100
69554
10765
84359
29203
33706
58596
22250
44179
22604
8340
73935
60261
96809
6694
21285
78515
55465
98143
4239
15197
40658
72535
35272
14176
59938
28941
12490
63534
5258
74870
26606
11180
66901
44580
2600
51582
77263
57674
11897
3073
55859
59800
75244
42099
56233
92911
45324
47284
18217
16732
78707
23592
8249
89307
50734
50378
1778
49802
60760
32325
98
31076
33946
83726
87335
95451
6252
75785
91534
22117
63071
37283
7679
51196
29849
31919
13222
39410
18247
98639
83346
37285
35257
59443
89663
75714
65063
20929
75119
37267
2229
59727
48370
14319
39929
68298
93177
17829
34521
22213
25997
77774
90537
17613
98969
36152
68334
20873
88635
12585
9147
51086
7531
30388
30742
20584
88189
57943
26429
20829
39744
80393
64092
80232
8983
54013
40772
43163
49335
42325
49041
67970
33841
92254
60198
4776
92932
62373
468
31952
44712
51913
26504
92772
69302
73850
56701
44211
96209
32020
40133
17662
24502
54177
63815
21759
62432
67279
98610
81139
16876
50077
49617
10560
19310
90631
44444
67761
81241
95997
38688
35391
54684
91660
20104
65458
94701
81319
16034
73624
88740
25448
67048
49213
62610
72970
41580
7215
31737
72872
20792
95213
67451
92931
94537
76772
91817
12775
63910
26703
4611
67306
95824
87104
49170
45710
63397
67193
17010
18250
63146
95718
2074
46310
40596
76583
65096
24124
73670
17985
29394
9367
47099
67054
86436
23475
83439
47313
37534
11927
14578
24382
83802
62130
14450
23479
28905
97891
57497
76906
23840
64758
39848
34595
26918
3463
5077
7370
94863
14976
94646
33717
64310
71072
83236
60333
36801
57577
61991
90956
97525
44745
39350
92344
30541
41122
1343
80215
24418
27795
90958
72188
66868
2162
62198
81903
98030
9172
29529
34110
88021
89837
81723
77949
39807
24990
25000
70528
13763
74369
56998
41906
22109
1468
36632
190
48545
62030
14085
21656
65186
57209
55697
31543
31304
25378
8239
35754
10827
154
25363
73285
50041
74397
61205
88535
86317
99837
30834
33162
89403
89167
13873
65667
17094
76525
92854
16105
47640
84969
93246
95488
62867
73141
86468
61245
70381
11926
7550
79697
62840
46503
41462
20375
1606
18049
5099
36342
22334
97042
74412
40328
77941
26096
20216
5216
1368
58412
69395
28203
14922
69211
88730
90728
66186
29686
55259
63680
64899
51333
4739
85310
70884
53287
89685
47333
9401
93485
46483
16040
5145
15073
61490
74662
39570
37370
73846
2984
33918
44818
41278
84467
10287
38915
55386
96297
71215
45218
35178
79402
5834
18712
18101
98937
42750
15454
57475
39327
1682
22734
71035
96264
18741
94236
23877
18077
21431
46844
34322
14505
36346
33154
49679
10430
24159
61677
54327
66844
53607
75748
64363
53569
98742
62256
42228
23154
23969
68081
8839
41973
92348
90813
57489
23658
39969
33264
87636
5024
32262
27205
93658
59603
27498
54956
88512
71632
3349
75735
85073
60386
30962
10297
45480
87878
98977
75893
73947
47513
85928
39169
53154
3275
95156
41035
26206
57241
23324
273
29122
5732
70324
93566
8610
95962
57180
80811
99474
17054
9083
16129
532
58748
64677
76134
89451
66141
82076
28018
2583
36768
92123
92575
38536
70108
38023
16062
69864
7099
506
17928
27810
81255
36683
56759
30489
14227
98680
2353
72226
23706
60693
88553
83248
15438
36486
49718
70140
89168
46414
58145
72808
43324
32655
49804
99757
56680
62902
22407
2914
90333
32172
88634
1248
10092
41876
48804
75720
69361
58442
53294
50949
57837
83330
51271
2542
87047
65062
24869
34409
81408
82734
18692
3292
18140
3599
59899
27026
25834
95854
15495
27531
11035
95192
66466
45908
40659
52417
96354
32478
77203
18951
20815
14096
84750
4887
90027
91787
17990
53668
40721
85582
73925
18114
89969
5401
6508
66357
16634
42857
32096
22799
31509
71394
35839
36306
76898
67339
76087
18197
98082
5715
12105
4119
64877
26038
76261
14336
83852
80272
26091
23841
19786
89107
22950
79995
63943
84006
58688
77583
13916
77362
93962
95714
97362
26889
74443
99841
66962
38016
72755
86000
85595
8786
4115
11051
32115
26630
40861
27705
17170
34004
48873
78297
1115
31034
40619
3134
78513
79310
26124
30727
13835
75516
52502
64049
68555
42165
13047
20514
25998
54525
90105
38820
83081
34649
40374
27191
84162
85486
48958
61796
14755
80096
70571
50914
98385
61161
69858
50623
35013
93595
88432
56909
25042
67641
68502
15205
96295
12963
99104
13790
60434
65447
43722
16808
53026
52657
62599
10014
46439
23623
68541
50684
50617
32108
88918
58150
86794
71948
51057
52294
57130
59128
83714
13433
57423
97436
8421
41574
28610
64528
23967
9029
32562
71386
62953
77434
7504
37477
13180
94318
13499
50532
88952
73978
69905
24926
679
26693
6576
13029
55572
38811
51507
26138
41488
30491
30920
53874
2001
33829
37982
28219
50373
28277
77466
48721
8325
16376
93217
20804
59420
99682
94811
73535
10123
19294
6053
66200
33669
18891
93965
72763
3711
13612
19215
78208
59664
53738
83343
1623
34969
88372
10479
29190
47842
3558
66861
32329
92469
92742
92710
86498
44032
31174
17694
2006
96302
86977
49155
32723
29026
46987
78422
84307
24972
88200
52155
70298
25330
85043
8436
2198
54368
60539
45560
88119
61701
71366
66682
76186
12315
9100
9943
82542
59266
26043
39905
59366
88873
52262
34111
74203
3483
46841
60403
3316
72462
83786
61128
31198
53229
37610
91789
43249
56491
29911
41628
55079
88933
68430
51504
27583
5202
79566
74042
65867
31201
12669
76850
85335
27224
19471
19524
80224
24249
89055
48008
611
32208
51334
14050
22749
51019
54240
91134
76352
23243
15228
89219
72719
71085
14110
46068
51228
23722
26750
71486
76979
93016
93515
72456
66428
85035
60874
15702
42483
5748
88824
47574
44832
54700
75159
25068
35562
71446
35752
86017
1853
50028
27228
83813
58333
55416
88474
21881
73133
53211
66785
29125
24698
25884
33399
49004
10309
77376
2714
83404
49483
78631
34897
14521
67667
17995
63636
36200
62391
18418
32870
69860
19930
85501
97676
99720
76259
40261
10220
29333
53326
26293
82550
61172
33085
64288
26636
75928
6537
61600
91061
27563
15930
10050
96950
66352
88648
48964
56346
44050
77144
76310
80327
74875
77285
71711
47822
36133
53935
29654
60537
47128
44168
3392
4011
22267
83688
53740
44237
15862
14366
66981
43225
82622
83675
96921
2584
84798
80617
7480
8901
31038
77145
70811
44518
76600
33818
73275
3395
91597
60047
59887
62639
75765
8291
48213
65670
89530
97392
38731
6083
74868
9182
24227
69237
32398
17550
8815
34661
50274
98688
88370
8404
19007
52079
18737
16930
66768
57356
54214
66773
34373
87880
85728
44334
93524
89552
20706
35725
48478
18110
24498
66974
37758
30236
44299
16680
13904
86026
59500
67896
79238
77653
92982
91674
78279
76108
29193
31482
82193
58629
98555
77317
99509
2865
31924
88313
9736
68286
42632
56396
41566
9259
89808
43377
50436
87000
40207
15465
82138
65717
17194
80642
99515
94721
65281
25212
37611
66531
85032
64157
19778
59694
79103
40856
93921
60375
69835
21332
13225
93858
45903
21724
39101
48125
12870
62026
7167
29482
82976
45985
87768
42286
34646
4802
31296
18285
56107
49991
18863
59416
81159
82664
28217
93486
25553
78110
51329
20164
78911
61886
82
39451
24476
38928
86542
92868
79669
29856
96344
64795
30190
40841
34633
33403
26006
60507
71848
50122
4803
10837
47023
11377
49223
62544
7137
73464
68589
80499
17329
93724
1323
27622
25109
35181
70435
55437
29345
25973
50006
79808
29431
78398
93291
75832
76891
99268
17718
30942
86190
38913
74765
66800
1817
15994
76055
89270
97819
82805
42498
67720
77046
12840
46980
47432
55260
9323
69758
10109
1948
68044
81516
95964
97457
75377
11279
11925
55020
11879
19514
80719
31820
17425
96147
72906
82318
46901
5660
34389
20071
21921
20398
93669
10729
64164
26780
49069
20652
13477
87171
28149
47840
50389
33871
41858
71227
98537
56255
47576
74566
78945
95698
4728
26929
61590
45008
47517
43410
79131
86012
6359
62807
43872
65989
28608
63683
80131
81779
82051
99815
3104
20170
811
94856
57970
15204
95732
74478
56319
97561
28471
34040
63843
46750
87432
91176
79521
60489
32569
23240
81727
92313
11558
96279
55331
85155
53878
15744
32840
4241
60371
42611
73095
40929
43447
64109
1259
58345
18877
49103
30171
66551
30121
27854
41818
12250
84704
2329
24728
22791
76729
12962
84504
14077
17036
94673
95139
35803
95671
81683
58544
46625
42194
89483
23550
53634
4660
70050
83301
97769
91566
39362
16677
18354
77825
27720
11030
61220
52349
91378
80717
70969
44454
32485
29436
30480
62713
80813
96412
44404
43203
33693
64138
77585
63055
54519
82900
81751
65900
34841
11103
50392
13979
12487
11839
72686
55625
31155
11579
28530
51578
55492
96453
942
10015
76759
43874
51202
36647
11408
19095
83933
26474
19895
76739
87670
91732
2511
62577
78642
81353
60937
81472
94349
59435
26440
99987
27809
44366
20356
826
36153
14786
63175
77986
46174
95217
87069
28605
23464
86009
55348
17803
58835
86667
63277
4224
7487
97195
85343
68244
20569
40005
88911
82350
737
43222
26559
97508
94483
39956
1636
50184
53112
35008
61492
98023
99521
83524
26800
58951
70943
39864
18097
39961
24122
95392
32868
94562
12600
53548
7684
47481
59359
72407
47210
71869
70167
46709
41270
950
61115
87490
5332
87752
10346
98156
59492
4479
55986
23570
37132
39983
61973
42690
26822
70152
82438
81684
18282
29753
3583
53394
4266
48816
40246
37889
60204
24888
56366
55073
9577
606
43831
86568
97883
65325
65697
97359
2593
62905
23609
9496
37444
13190
19962
50314
84758
72727
36090
30695
69106
45336
37202
38032
50500
69764
98412
99900
69356
17711
93571
61738
24289
38381
19143
51146
11154
31659
31353
96233
82169
24152
89654
9722
79308
7303
86297
65730
49571
17970
7639
32297
40270
23523
19349
24395
73877
32874
78369
68072
67194
68073
53402
93085
34376
11214
39818
59509
96117
50846
4073
304
7722
9457
75110
42670
6886
24200
43658
51833
57779
79791
66491
94661
71995
9989
41344
15460
80548
27389
22845
48808
14343
33368
48247
95415
35414
84380
97203
28235
75384
26403
91473
2610
64262
49137
66585
21717
11708
82302
41135
5497
41370
87389
22303
33898
11513
73248
85230
39288
71777
98635
38570
89913
23454
29497
95409
95036
94711
57783
3748
76480
41194
44411
49251
14850
38994
53504
1508
31194
84447
35712
26368
89976
24977
79355
92270
76575
39764
42054
17289
8486
333
59840
47843
50552
10308
76562
18948
48773
51891
83523
61358
53149
91772
42288
10600
34027
9300
3416
76221
84430
22609
57666
87776
70017
4793
890
3895
71499
96032
30291
95946
2646
40300
6953
33216
95244
11563
81070
21563
84980
97804
74899
82919
49786
48996
75862
94377
13840
44676
1666
66640
96012
19599
98951
32678
36915
35406
4335
52924
74957
48697
22034
80814
69095
59331
51796
70593
92082
93276
92628
1627
34547
65795
79013
29491
64486
3635
66120
27297
51793
58611
44469
16457
82647
47404
68551
47980
97638
71301
53019
75171
38153
9998
81294
196
58604
1221
5187
45647
31627
87426
91997
93487
56725
66542
90627
82840
55911
65452
56882
26659
95755
92654
63707
61515
8472
73386
49948
6573
159
56221
15326
53214
99238
12007
39379
5269
82417
79333
21120
76661
37621
89767
62963
35434
23918
55007
94154
40915
95820
16435
2651
28444
29148
10907
21456
41971
23539
92994
75641
99373
10134
65766
42010
41028
31374
36858
80510
81448
72077
22083
64016
35655
89060
14484
74983
42213
55182
73436
8795
50866
63925
55805
13341
76044
58446
24780
3184
595
8826
63426
45142
93108
79115
54023
74919
4243
62157
16494
53166
85937
93199
45146
84108
3976
65376
84811
91799
74764
93218
83993
64284
13572
16673
32816
1668
76537
38846
90399
67870
31160
34551
13028
6980
8874
48410
57830
12857
18449
7596
45264
62008
55768
77051
73409
19083
57107
13128
73694
29833
62230
86476
46268
68464
87550
27231
2907
46418
10797
12601
40494
51376
66978
33621
47447
59552
14607
9173
4641
35210
3145
97713
49889
64684
91468
10054
62411
59143
12271
61265
62319
60906
4688
39385
46995
94948
65797
13970
26465
87845
71818
44645
17795
60650
62300
96817
99173
54560
21176
5980
47708
20136
4475
35889
10415
31932
86119
13902
9507
29080
72126
57326
16643
29860
61433
20234
16564
84995
54904
77465
76418
97198
52819
1590
82089
3240
25548
28998
15433
62273
35007
45383
55900
80956
20865
66247
59326
70955
89346
52056
63242
37994
64976
60526
59615
77702
2469
90390
97762
46494
82577
89418
77264
50823
47595
61389
86432
92361
50171
94715
82915
91271
81257
45108
17586
36444
47221
9955
86394
12253
13985
6910
61013
49510
7513
78876
81951
30435
84921
91979
87316
87326
97057
34488
41705
80387
44292
16608
11516
53195
41702
51998
3754
28357
92583
11407
33230
39040
11498
2952
57403
16914
55287
61410
16562
61843
94303
81052
7276
63473
20723
22039
87358
41160
46459
72799
92882
82778
31006
86465
72032
55208
96134
47160
72572
57633
21326
14945
24198
16678
74270
69941
82292
62407
92018
71131
90045
76371
92350
49649
67446
16025
85902
3629
33436
13104
90086
67517
16063
23382
88742
40612
69803
56831
34168
29363
37531
67625
86236
42557
33948
68309
8866
25730
25011
12919
69761
62617
21532
78539
56735
41783
43822
51472
62603
91430
9302
79722
57119
41564
23012
75746
13099
19511
28189
25654
82890
157
35802
1875
44465
9264
52864
32180
93409
51563
42461
43732
99489
84910
88966
82752
50902
81030
19111
51273
11423
26676
71495
4501
38737
98242
16621
21576
98642
93142
46435
72057
2125
46183
51381
67905
91615
81339
29551
80586
14636
17921
2091
80823
99064
54138
92422
23544
97881
14054
62978
74999
27848
47408
33586
69865
85148
85123
89241
98752
21295
23068
53340
9151
98338
50489
86106
8998
35962
66039
21691
12886
18781
14802
74795
85318
52075
50165
49615
70929
68873
61411
65602
94522
6996
3612
71484
45262
82536
55824
75957
31951
18503
23427
20609
20766
87577
15538
27596
66388
14415
26215
8692
37506
54561
63521
26071
12596
4930
27917
95430
78463
55146
36326
37920
91879
3234
30240
4718
59796
47666
12722
96777
47172
70414
42076
71982
88390
80226
95188
29215
12676
55249
2730
59752
66027
78846
49338
85443
51712
90195
71758
53666
1233
68078
32461
76485
58717
9047
18850
35189
33990
98293
48860
60811
42975
34580
71064
87311
76916
15942
27532
41956
68896
24277
60764
92399
73762
37313
40707
23156
59758
18486
84206
77452
29172
18251
65871
52870
30521
18195
64340
50358
4540
79862
10167
71021
504
53431
35045
49747
39644
89275
49523
78396
89222
20642
43477
99098
29517
17014
74844
54983
53331
21158
27540
3050
30304
14130
85440
67968
40169
64862
13148
99716
94796
10384
95395
47615
7683
62142
47669
15854
94543
56548
15706
52758
56824
23073
12335
85996
55822
32011
62007
98993
75676
90327
53665
21448
62439
61504
79071
5329
28362
95868
7026
30345
94257
83397
56776
6708
72235
5928
54442
16470
95801
69067
75997
85566
7209
83370
75517
2183
22741
65746
73123
92301
16163
1594
82676
60326
88588
17630
55904
53289
92176
50042
10323
41847
94705
11920
17091
28012
34732
14166
1041
17730
88762
78340
372
99451
59179
95894
57480
18265
73957
97669
16891
82382
31418
74301
73205
42408
90838
11665
33508
42558
23955
90839
45184
48553
24848
48493
18222
98670
28725
26763
22934
65080
62710
68156
10817
43985
95585
97452
23785
47499
47431
29794
33497
69575
23485
93775
76740
32062
40683
48529
78586
67318
6404
18511
48286
81898
77969
7630
76690
74246
1334
91455
79931
99835
86105
72720
93180
40377
48094
48492
72812
60205
51828
83013
71208
28949
89783
50550
91708
76291
14437
77776
85611
66488
37911
59680
83679
6732
60452
39893
7769
4526
19462
57855
11671
64229
45160
8697
13629
79227
36562
67331
89056
25520
4326
29353
78337
81535
71189
48249
83576
27050
71566
96475
92488
36540
39312
80895
3029
11079
98592
83043
31432
31319
78217
56298
39918
7913
15106
74472
89693
53546
1201
96818
18637
25332
70587
76514
49670
80921
42197
23491
75169
19521
62819
8624
18345
57548
56424
82998
45951
33597
10595
33601
3771
90496
73008
37968
146
46565
16414
63395
61380
61016
50783
26684
86233
84712
31185
61837
47808
8220
17909
95040
38133
49421
99015
64898
37527
38054
18755
65045
27553
27493
59478
37474
67893
40651
3510
67588
93517
90252
24812
45392
72099
2392
90485
38556
26716
37402
45824
95412
21109
42202
66911
58998
57105
66872
4434
61761
87250
77483
4471
20411
66546
3479
57900
91636
91325
67599
24590
23417
69234
10649
69456
17592
64183
8881
20174
63494
31888
96373
77706
98268
36422
69298
13014
36118
10571
98514
45537
30994
76004
6842
26926
34436
57220
8581
57081
37060
42594
68798
3059
4537
56667
34218
24760
19652
79699
25320
3306
41850
12290
74796
32492
39291
48536
64869
34706
46651
57918
88269
88462
61367
46189
27746
67652
15004
49956
66877
91999
59949
774
35329
83163
95202
48412
11521
4072
74495
64205
78774
39598
69427
13419
30867
44163
77488
74812
26165
53765
44075
51298
14990
31232
71856
30510
24973
3586
17690
75235
12286
76279
97464
62715
93402
41008
74621
5825
43965
7346
56879
78041
97691
4958
85632
10706
93857
17058
2500
47143
70116
50640
75949
62531
11670
51780
30677
38988
1410
26884
65788
11300
54940
50909
20999
11320
10873
3120
45574
23589
6622
44269
71402
29671
45934
66753
49366
13307
70769
42433
81182
57594
87512
18801
60378
60266
86091
21989
87866
39141
47225
33917
1904
32317
82381
33238
34045
22416
34760
42982
6356
89940
59229
99759
59430
71534
93835
42467
22194
92815
43096
84200
60416
84950
90823
14382
67651
39842
40752
77728
80143
22467
26256
80847
70641
19835
89155
57386
77632
65802
92700
46717
11776
13688
91182
65478
60844
19259
78060
92436
27063
28896
5242
3671
84768
17323
2428
65577
84422
37886
82984
50754
37389
20475
61687
21088
42961
48300
97506
18894
84325
40733
83856
93776
54330
12352
50591
82949
18442
91957
97281
95425
36826
76047
25949
17543
50693
96249
13794
86632
8669
2772
39974
18016
44774
31574
70789
9033
81163
38082
27508
21327
46637
77224
62751
90569
15841
57365
83689
14562
73732
13704
70044
94991
13471
96317
56352
77378
17046
10822
66520
32363
52234
99877
91048
40723
55318
88309
22432
53354
95297
39113
45969
66929
85579
76034
7806
99618
91766
92845
60695
36507
73125
94440
63695
21025
96127
29355
77468
65150
77093
91058
47811
68519
83773
63269
36046
48725
7539
87756
86972
10016
26801
22108
19707
50066
36523
6107
89015
18039
5322
24614
97231
40708
50082
66946
11583
63297
35363
38433
64477
14765
3662
85246
91281
65763
42316
97631
27106
28811
86446
8924
24491
36467
87161
96216
94299
2942
46022
47294
17231
98573
55708
62430
29879
9498
64338
19852
83491
30750
80885
46745
25766
5484
57392
32498
94816
33912
6943
674
79719
20177
20679
79292
11592
87615
32370
7032
7268
29399
15782
72863
64389
98529
32962
65662
91640
58796
36561
2759
99306
37923
43475
78433
24520
85604
13679
20857
70436
58399
45245
7076
42584
26625
3989
64870
69909
36516
69960
26205
52668
76800
67217
20840
80031
73700
66717
32781
9483
58539
72010
54713
79479
50663
10995
73804
67992
53307
23867
47512
22384
5390
53252
1665
47185
64925
50580
43367
34601
375
18243
91470
21734
12194
23948
41662
18976
65841
87829
74712
81848
17556
99676
80819
98054
71053
80749
44720
82699
10641
55099
11866
46377
8466
58220
74944
63438
29346
86556
59424
88319
86067
26426
50808
21396
7733
66942
13655
45589
97469
48202
60689
88932
410
52673
78842
99598
20637
59107
73155
33124
14387
23830
59878
16157
1144
21504
85421
90663
86220
6758
87310
46045
34279
14681
32617
29306
17473
56514
92720
25771
69
93475
61860
17699
68177
37657
65529
54892
66102
55048
51573
34925
4982
4682
64050
91018
55423
18908
64970
18014
52316
57842
65357
27586
80207
4230
92899
41716
21264
469
27931
87751
8886
94750
39500
62153
63157
88175
93526
70755
18432
41642
72336
88103
48869
72706
47213
70868
12129
88955
27683
33895
66192
47123
64501
95438
25889
49195
31061
10197
82384
13053
52425
3894
45991
98207
6160
19060
95642
52508
93264
48560
4206
98089
72777
6494
73861
74985
63251
91308
51255
83480
24713
32574
25501
58666
58275
84190
557
59113
79476
47588
37391
4076
8873
33488
84792
58527
47436
65329
61375
14451
28679
57636
94952
64324
27951
74345
62482
82262
9696
94672
28081
49687
82534
37052
94258
52385
29873
72431
34267
72426
11430
43456
5302
97730
12441
73183
86589
11016
89551
12293
9301
8182
57854
43790
86025
30455
16524
87571
58709
59171
56632
31753
24788
89757
82491
79161
98911
39669
4698
79124
40100
98709
81942
28026
9544
12512
2552
13119
81417
38487
39702
75926
36480
54457
40620
192
52587
82604
6216
41076
2997
33087
55055
45125
4527
45166
18594
63551
24523
94797
16278
27539
53778
52397
35880
12900
19501
57038
58486
59655
18708
17306
14857
56417
5278
15888
96106
31347
85751
80428
14210
83529
84848
79948
11837
18729
38826
43978
21761
88353
56853
44152
92382
92376
8227
89480
18897
49881
87645
28622
52580
61806
70164
35016
50348
89819
36601
46532
7911
43772
38007
89464
54089
76546
91126
31881
72143
63785
34039
16456
36114
88596
30261
34160
21008
14749
18488
76822
44767
35805
27180
35299
73775
88855
1809
91051
33891
2847
41436
36934
49179
40934
15081
40251
42852
47183
60628
74218
30005
99039
81896
44048
75707
29688
27972
429
20521
94162
42896
11454
88946
14211
80907
49570
7555
75589
29370
41422
99231
26003
97453
43814
47078
36614
95965
33611
96454
55767
96094
83911
22923
27158
43709
91706
37375
39409
87073
67561
57335
18237
29135
36171
18192
50905
70062
40545
4672
13712
93349
95046
44057
62555
1845
17735
19688
79830
66947
27551
9822
82869
49935
21163
71949
45743
65888
40808
10272
79654
47198
97910
77938
81721
24488
64328
2619
42637
56023
11633
48814
81375
18824
49738
535
45691
31521
45399
49048
25656
5736
19820
94145
28525
54665
7258
11777
89616
16984
8955
37494
24092
11746
38301
49852
61399
69475
27474
61937
62843
15529
98627
93240
76353
67455
87400
7662
49749
72598
63170
86396
78844
22936
30041
38115
14124
74644
55206
38077
97722
10541
54387
3999
63642
81994
44666
96792
30581
13429
33241
34536
69603
84093
99679
80212
98669
53793
14847
72956
42627
22868
35518
24809
1811
56689
72442
12412
18388
35895
34139
25346
86914
5106
21718
76307
91928
72285
63985
69372
85513
83865
36775
27428
70580
57125
45864
66392
81711
51561
41687
5903
46323
9079
65399
83245
17660
41242
40784
56108
35222
68591
45306
98478
81531
90685
15633
82905
36896
75191
72961
94465
25407
28867
64202
30944
90455
13003
83105
15453
11989
9872
21479
32615
31559
10439
21318
47937
16652
66354
84395
62107
19332
16222
90884
77090
30899
78139
88849
30987
34131
40615
38798
20451
17447
89068
47867
44348
63361
18862
98098
68034
88271
45284
88260
7834
78071
45018
37394
73091
37351
51709
94434
44950
40166
43742
99777
84898
70375
8805
17994
94457
13299
70954
71382
9677
93573
17756
81225
31815
6862
74481
30212
95410
93842
10770
80204
94591
23715
99343
47471
20219
84939
52022
93086
64667
25312
45464
42007
69849
7836
53822
29316
18310
64233
44807
27731
30722
28886
99992
90448
66830
12206
8365
56914
82809
10596
67566
90298
78349
40649
12661
25695
12651
91396
43691
18102
38843
94025
77837
36563
72786
10761
8484
36026
92347
45706
70781
20858
51825
11001
15622
23435
68639
53873
46108
17582
64630
99232
21430
89165
35786
35556
13792
74791
89754
87478
88956
85475
84655
91091
62638
97208
60079
54292
70942
38859
77392
27571
65925
35421
87763
89900
32776
62369
54520
38449
88274
34230
13379
69155
13451
79010
99948
69207
48238
98290
18478
6900
41182
36323
13328
82748
98815
13268
61148
55341
86039
33302
65276
36355
85732
1644
17682
265
14894
8788
82917
74381
912
14239
85100
92107
60206
89705
57072
13751
54406
52443
34418
18498
12929
62549
96851
54438
41837
25371
90391
97462
39923
52088
28969
57425
53047
95401
98405
67846
861
43625
54064
92182
22092
39502
37539
71450
28261
74540
52371
31277
71229
42573
3138
24899
43582
13095
43948
31209
96283
44620
24774
41918
25644
95100
62225
59652
10583
76355
73398
72796
62678
28092
46451
68969
67813
59311
56286
45302
19674
65257
54116
56655
73139
23291
34887
83731
37669
7308
24336
4696
35464
68003
47784
52438
75572
85870
51518
51600
55065
3079
51572
80926
24865
2578
46233
91944
70320
41388
50318
8312
70636
36640
86240
85807
73532
81344
50881
67879
62694
9691
90200
37114
88892
78010
46578
95121
35389
61651
15417
8917
50631
46575
75001
55589
55531
32606
23489
82950
46198
10610
12544
57076
80288
72927
74126
74341
86412
94992
72775
49376
8529
39258
64117
2644
57210
13831
22110
11640
7263
2814
11028
5361
31297
96452
21649
24440
18203
41353
92319
70286
10301
40170
47337
5769
21954
71605
18701
70421
59207
27880
78278
97003
70830
79631
78305
57777
72118
58311
30253
6011
92577
81604
43239
26118
11269
58439
32150
55751
32170
47301
83549
24758
69312
56850
76301
1981
36827
28316
18514
55129
45916
71859
77715
22747
94785
34691
77757
29643
88926
76237
34350
7549
47959
23025
85194
13464
25528
70445
97296
31628
92716
10180
28677
30891
5772
70962
4495
8060
96355
94947
26258
56707
58677
46213
69090
34060
98504
28367
1574
79794
22580
96504
66567
68829
99752
97601
25638
85635
29777
23071
93386
82181
30154
89585
85339
7903
4014
4885
32378
58334
23402
36508
96846
98158
58824
79304
59834
93412
6223
65343
36347
59504
31883
25185
88771
39332
79059
17814
88696
60646
70159
55745
36434
13834
12162
62459
51413
93133
98500
14315
67149
27049
20635
77380
55433
29818
7853
95035
58296
91276
16448
40678
23970
24619
69440
24516
13937
87851
93105
9163
30874
89787
18717
79037
12214
47494
6549
82200
68432
33425
93811
61559
63873
36203
77205
16707
86023
52896
45271
29358
75113
79311
61241
92586
58440
98602
16386
78674
68960
23891
33996
79166
6253
76127
84973
12577
24863
7934
39718
92050
91233
66471
61370
34269
97216
11960
57661
31136
78497
53187
46095
38223
30152
90606
10842
54058
79960
83366
97433
6702
69214
42437
63553
15830
95885
86287
90111
78796
50380
31408
72702
55332
79009
75355
84368
97548
10331
91187
53821
38765
5940
22707
6520
50525
25120
12516
92332
12865
92609
21552
46886
75910
45793
8892
99771
73428
7395
18132
24376
60423
22430
99061
22007
15778
72561
71587
47776
28030
603
45075
68461
28842
80939
33879
17493
3441
67162
38629
82452
39800
97002
20030
340
62489
31344
64298
62316
64972
53092
40794
91886
50467
59361
10362
83432
97809
36864
23926
61959
79784
29676
53883
79418
79293
7054
78417
28004
43288
64471
32775
16477
78404
23512
99620
36277
73382
86630
28369
67513
89361
71942
58806
58663
23394
18725
30591
17279
6288
26974
2595
79732
88436
64367
62355
1779
3703
63042
91866
34943
96071
30179
3745
60636
80747
68270
97516
87607
67110
1418
60037
3770
77983
98395
32720
9145
46803
82124
91517
23348
36679
10645
34567
35101
34698
58011
52521
76022
13928
74707
72443
57291
89414
72329
83739
52995
59020
85569
88124
67643
90246
80493
900
64192
35010
54050
38730
32272
32243
66461
18762
7050
49406
96870
71962
47005
81555
3496
29677
86807
46166
77213
16184
13752
14491
76257
18207
669
79826
34755
59242
67209
34148
99341
61356
77763
6919
23117
34940
13880
41758
20009
52131
89437
83639
38463
8821
71278
59917
49950
14462
37288
44915
53178
36922
23864
47916
16922
64139
79070
69598
96746
2959
64854
20931
40275
81300
4566
71213
73633
94407
98839
57414
40363
25954
36942
55431
4720
43538
27950
2193
16913
7036
82347
82304
70680
94064
18448
32430
85220
81262
18257
30359
35200
55317
98138
72876
81529
17330
82166
13468
71866
46989
99584
56228
78384
86268
13555
18429
5208
28699
26067
87879
81885
25554
61031
35297
5774
35791
82280
9058
74475
82098
82931
59497
2090
98870
73485
17977
87839
24746
32906
88246
5622
92918
19267
17574
66602
46914
14496
9678
36468
24518
95954
64563
14886
83518
6299
2347
47010
270
25728
81442
7614
5662
71099
16045
37639
69424
18387
62207
5558
70432
21537
69916
84401
28341
97721
5107
35238
94144
5503
94870
38600
17523
2080
79177
35042
11048
32278
80946
44486
19936
25072
26041
33413
85828
98442
96548
4470
3382
81644
17856
80987
30835
6006
69431
95099
16727
46670
81062
15986
33328
48179
68843
54662
39041
43769
57536
63672
93554
83514
60109
8447
69046
52577
13955
65047
12036
50895
25430
95747
3855
84069
39907
46309
91753
44012
43303
8649
44949
94532
83669
43600
62861
65584
22952
40330
18797
92034
11826
83583
29380
91181
87720
27799
19250
64470
43611
51213
31621
95190
13262
35219
77064
68212
20429
90671
75121
48818
36645
15761
1662
76609
58309
15904
84771
46227
8151
70514
83246
45493
36472
48025
52938
76434
90122
3991
29488
60533
58503
27812
56539
33980
82641
77518
27984
56780
45465
55821
92573
52634
290
46380
63657
83422
60583
28216
92057
44137
92117
58324
90493
36535
71557
71319
14049
20696
82423
50553
97045
76712
45567
25334
25310
80982
16595
1484
66539
32257
98209
83408
15952
79827
93096
43672
54069
86855
67617
1518
12761
51454
51671
35121
33441
4443
26268
3875
41863
24370
16498
63316
68328
30269
19892
69823
84393
43092
578
95817
62656
12463
25504
33804
64570
51441
46079
56861
83046
81127
61204
27487
37190
11392
89884
94751
15582
17966
21733
43037
16601
94503
27465
72167
17257
5289
73434
66394
48352
30607
21707
1691
79700
18905
7435
92118
83749
61269
86930
26304
75132
2446
39605
45132
94181
16990
99619
29487
29583
85916
83945
38021
53792
81760
8504
38427
49233
25491
99612
39130
3249
85665
19885
3686
59470
70479
27400
39197
60709
67301
88962
94759
36707
18972
35659
51651
73918
60753
57861
27724
91174
98653
14497
93219
61925
41141
39142
79105
98824
59334
43813
42636
59092
5934
83936
54489
52730
38997
43818
19301
74595
68693
9966
80156
82136
37694
37442
33725
43564
34840
58017
80911
30381
68557
83785
23508
69346
86484
7753
53356
64260
91984
78022
27245
96598
17229
21831
19323
48841
10131
5898
66588
19329
31612
27517
85931
60677
47011
15523
79868
78199
23594
74988
24076
36967
51404
30613
16382
78432
81667
94566
60360
43489
21918
84711
85593
62877
1625
67039
96954
56419
23935
63511
3527
73883
55682
60277
72854
68475
39346
60749
61180
77866
91738
78288
32920
27817
49901
69744
96520
79943
86399
48146
72212
57806
45198
29310
52922
95419
87925
68175
39349
43449
10424
78088
18052
29866
66281
34844
52992
8308
64742
50691
52608
96214
26517
37014
77118
71545
56384
58508
39602
36706
96361
91895
35288
90258
25637
92761
41189
97666
78861
34806
90381
59018
62618
18795
89375
93003
75340
63399
10326
48117
10426
65747
33455
34629
20561
95783
94150
94026
20484
69331
50047
63696
60880
94662
67335
24333
86100
20982
87798
54869
60420
22003
55377
79886
42944
58586
572
98059
45868
8495
40248
46304
43327
17706
91625
43378
1398
63726
50347
10522
67146
63002
58888
83463
51789
41090
42086
86414
67221
1860
89339
52256
70261
55298
6811
7239
62388
57712
70895
87292
63686
83835
33617
64444
48883
97840
67052
64417
29017
98062
47236
22639
8223
24967
22603
15247
96529
73031
29918
35882
42144
48045
12371
86324
46972
55730
6198
4453
70118
2381
11075
80561
19614
71337
12055
79915
46107
76350
3041
62716
99650
83922
82345
49015
68051
6498
38681
46641
25225
96699
46476
42263
30961
15648
77040
80662
28202
29708
25800
22719
25115
77962
75394
71817
99260
433
55954
26810
33056
42570
31016
91142
18268
2075
35807
94392
86565
22681
40129
70949
41144
53658
35637
39109
68897
35755
4371
76074
81285
74420
66229
293
36940
50600
46626
61927
14836
88064
4609
13737
74507
20934
41538
7563
4570
10901
15432
94116
36259
17707
87556
67196
42641
24462
82904
54092
32725
76732
61917
11425
37892
2292
72893
59046
58829
8792
90441
66577
75425
29117
48963
71507
96133
38977
63717
14357
20326
14641
72602
96859
6986
75683
40903
73899
96888
25143
85783
51555
20413
6201
83963
39055
73592
44858
55595
17923
38059
3157
8351
76338
24434
4981
44937
18082
45664
1611
58480
63135
41492
15303
56684
93993
27492
69004
74062
5785
72062
66561
71062
66990
34906
80123
369
8929
29766
86529
40670
47960
86082
30916
36877
33132
61454
27614
45417
39606
29513
64619
83336
16041
80947
8367
51231
43566
15147
63081
12793
80047
1539
56515
12831
26743
52916
42710
11032
3566
97404
18302
63226
61256
31460
97401
11404
55345
49189
21381
22246
47749
28701
75935
19208
27833
79064
3383
40199
71860
80171
64790
17454
8362
52747
72891
35104
29982
25717
66483
45952
19605
57827
83698
10457
91773
50822
40447
22552
75899
92697
43255
31953
22061
36771
6740
40754
69160
8577
33579
97238
64193
2780
7999
64278
26444
37719
15421
97262
29830
44476
99908
39382
90564
31907
69322
83116
48508
94899
56179
41714
19395
29773
41683
84326
24182
291
31719
35771
30929
69166
76448
22134
14908
17688
1452
61611
35571
27677
84321
10642
76085
54405
43471
40734
73961
44293
46941
63956
96981
89471
70233
24494
94619
68346
61562
79716
33069
79369
46770
1742
5033
76403
37538
13402
21181
59771
8561
30719
5572
57550
1474
49591
57755
18013
32059
23823
72351
7795
80912
27203
12964
992
74159
33709
80976
3161
53756
69899
20995
45508
24477
54187
41193
74752
52500
65559
77858
88525
35697
5896
99553